68 11 77 yuhabakhE 1 1 70 11 77 0 0
2 137 73  11 77 21 30 75 13 32
13 32 1 max 1 79 13 32 12 1 80
4 82 11 M 32 0 22 84 11 77 0
77 113 1 W 88 11 77 32 12 89 13
91 13 32 mads 1 0 93 13 32 2 0
7 171 96 
 13 32 20 32 98 7 70
7 70 1 steve 1 102 7 70 12 3 103
9 5 1 bigfoot 1 0 19 33 12 1 0
10 94 1 queen 1 0 20 33 12 3 0
11 94 1 kaido 1 0 21 33 12 4 0
0 0 0  0 0 0 0 0 0 0
0 0 0  0 0 0 0 0 0 0
0 0 0  0 0 0 0 0 0 0
0 0 0  0 0 0 0 0 0 0
0 0 0  0 0 0 0 0 0 0
0 0 0  0 0 0 0 0 0 0
0 0 0  0 0 0 0 0 0 0
0 0 0  0 0 0 0 0 0 0
0 0 0  0 0 0 0 0 0 0
0 0 0  0 0 0 0 0 0 0
0 0 0  0 0 0 0 0 0 0
0 0 0  0 0 0 0 0 0 0
0 0 0  0 0 0 0 0 0 0
0 0 0  0 0 0 0 0 0 0
0 0 0  0 0 0 0 0 0 0
0 0 0  0 0 0 0 0 0 0
0 0 0  0 0 0 0 0 0 0
0 0 0  0 0 0 0 0 0 0
0 0 0  0 0 0 0 0 0 0
0 0 0  0 0 0 0 0 0 0
0 0 0  0 0 0 0 0 0 0
0 0 0  0 0 0 0 0 0 0
0 0 0  0 0 0 0 0 0 0
0 0 0  0 0 0 0 0 0 0
0 0 0  0 0 0 0 0 0 0
0 0 0  0 0 0 0 0 0 0
0 0 0  0 0 0 0 0 0 0
0 0 0  0 0 0 0 0 0 0
0 0 0  0 0 0 0 0 0 0
0 0 0  0 0 0 0 0 0 0
0 0 0  0 0 0 0 0 0 0
0 0 0  0 0 0 0 0 0 0
0 0 0  0 0 0 2001873996 2002133765 80 2001410616
1 2002291245 0  0 6 0 0 2002140143 0 0
4042752 2002137567 0  16777216 0 0 0 0 0 0
0 0 0  0 6421352 6421356 0 0 2001403904 0
0 0 0  0 0 0 0 0 0 0
0 0 0  0 0 0 0 0 0 0
0 0 0  0 0 0 0 0 0 0
